#
# The Rise of Faint, Red AGN at z>4
# Kocevski et al. 2024
# Table 3 
#
# Columns:
#  1 ID
#  2 Ra
#  3 Dec
#  4 zbest
#  5 zflag - zphot=0, zspec=1
#  6 beta_UV
#  7 beta_UV_err
#  8 beta_opt
#  9 beta_opt_err
#  10 mag444
#  11 m_uv - measured at rest-frame 1450A
#  12 M_UV - measured at rest-frame 1450A
#
#  Questions / comments: dkocevsk@colby.edu
#
           CEERS 260 214.805768  52.878048  7.93 0 -2.23 0.18  1.20 0.09 26.14 27.56 -19.57
           CEERS 941 214.757973  52.839706  7.42 0 -1.68 0.18  0.33 0.09 25.69 27.33 -19.70
           CEERS 965 214.912514  52.949437  5.95 0 -1.87 0.47  0.30 0.20 26.86 28.57 -18.11
          CEERS 1669 214.817697  52.877855  5.47 0 -2.48 0.10  0.04 0.06 25.54 26.33 -20.21
          CEERS 1914 214.998408  53.004619  6.49 0 -2.05 0.25  2.31 0.05 24.83 27.80 -19.02
          CEERS 1954 215.002842  53.007588  7.48 0 -1.48 0.27  0.86 0.11 26.36 28.18 -18.86
          CEERS 2285 214.956832  52.973153  5.86 0 -1.61 0.26  0.97 0.10 25.80 28.02 -18.64
          CEERS 2520 214.844768  52.892101  8.69 1 -1.75 0.12  2.18 0.20 25.54 26.88 -20.39
          CEERS 3153 214.925762  52.945661  5.23 0 -1.63 0.62  1.20 0.09 25.99 29.23 -17.24
          CEERS 4363 214.780370  52.834802  4.75 0 -1.93 1.34  0.24 0.16 26.72 29.30 -17.01
          CEERS 5208 214.927243  52.933893  5.92 0 -1.83 0.13  1.13 0.04 24.71 27.07 -19.60
          CEERS 5760 214.972445  52.962196  5.08 1 -1.24 0.62  0.51 0.09 26.12 29.45 -16.98
          CEERS 6126 214.923377  52.925588  5.29 1 -1.99 0.18  0.82 0.04 25.02 27.47 -19.02
          CEERS 6850 214.806665  52.837807  6.40 0 -2.10 0.11  1.14 0.06 25.33 27.16 -19.64
          CEERS 7000 214.840040  52.860645  4.69 0 -1.49 0.25  0.69 0.07 25.44 27.80 -18.49
          CEERS 7342 215.008492  52.977973  6.40 0 -2.24 0.23  1.15 0.08 25.28 27.33 -19.47
          CEERS 7872 214.876145  52.880825  8.36 1 -1.46 0.15  2.76 0.13 25.81 27.75 -19.46
          CEERS 7902 214.983037  52.956006  6.99 1 -0.85 0.08  0.89 0.05 23.96 26.79 -20.14
          CEERS 9083 214.797534  52.818757  6.62 1 -1.97 0.30  0.29 0.10 25.61 27.57 -19.28
         CEERS 10444 214.892248  52.877406  6.69 1 -1.22 0.11  0.43 0.03 24.00 27.03 -19.84
         CEERS 12833 214.929513  52.887910  7.16 1 -1.88 0.87  2.05 0.15 26.09 29.42 -17.55
         CEERS 13135 214.886801  52.855376  4.95 1 -1.34 0.34  0.05 0.04 24.72 28.32 -18.06
         CEERS 13318 214.795367  52.788848  5.28 1 -0.62 0.12  1.42 0.02 23.20 27.59 -18.90
         CEERS 13748 214.840543  52.817942  6.11 1 -2.51 0.86  2.10 0.15 25.79 28.49 -18.23
         CEERS 14949 214.990983  52.916523  5.68 1 -1.58 0.29  1.23 0.06 25.28 28.57 -18.03
         CEERS 15184 214.758699  52.749724  4.48 0 -2.80 0.27  0.42 0.09 25.48 26.88 -19.33
         CEERS 18646 214.773913  52.741349  3.40 0 -2.37 1.72  0.08 0.13 26.32 29.03 -16.71
         CEERS 18850 214.927802  52.850003  7.48 1 -2.08 0.19  0.49 0.16 26.61 27.70 -19.34
         CEERS 19578 214.880162  52.812562  5.29 0 -2.01 0.14  0.41 0.05 25.00 26.79 -19.70
         CEERS 19799 215.062508  52.940339  9.31 0 -1.86 0.14  2.07 0.20 26.25 27.43 -19.94
         CEERS 20320 214.876032  52.806109  5.79 1 -1.87 0.17  1.04 0.05 25.41 27.70 -18.93
         CEERS 20496 215.078257  52.948504  6.79 1 -1.82 0.24  0.03 0.09 26.34 28.17 -18.72
         CEERS 20777 215.137064  52.988557  5.29 1 -1.41 0.35  1.46 0.07 25.29 28.56 -17.93
         CEERS 21753 214.894556  52.812163  5.74 0 -1.75 0.40  1.44 0.07 25.23 28.54 -18.08
         CEERS 23931 214.817112  52.748343 10.21 0 -1.47 0.15 -0.02 0.24 26.77 27.69 -19.82
         CEERS 24220 214.934975  52.829368  6.37 0 -2.29 0.30  0.08 0.13 26.61 28.24 -18.55
         CEERS 24253 214.979960  52.861078  6.23 1 -1.98 0.07  0.99 0.03 23.92 25.94 -20.81
         CEERS 24805 214.899803  52.801540  8.38 0 -0.41 0.38  2.31 0.19 26.47 29.23 -17.98
         CEERS 27202 214.896469  52.787688  7.30 0 -1.06 0.34  0.31 0.06 25.46 28.65 -18.35
         CEERS 29025 215.080279  52.907899  7.48 0 -1.94 0.07  1.38 0.04 23.37 25.57 -21.47
         CEERS 36181 215.137016  52.955650  7.96 0 -2.62 0.65  2.80 0.21 26.69 29.23 -17.90
         CEERS 36308 214.975831  52.841960  9.82 0 -0.73 0.59  2.36 0.57 27.43 29.27 -18.18
         CEERS 41493 215.107207  52.942852  6.43 0 -1.04 1.63  1.60 0.38 27.19 30.20 -16.61
         CEERS 53047 214.954424  52.852402  9.25 0 -1.18 0.49  3.23 0.89 27.74 28.99 -18.37
         CEERS 54909 215.143715  52.988894  8.20 0 -1.53 0.72  2.48 0.51 27.42 29.58 -17.60
         CEERS 54927 215.061780  52.931177  7.48 0 -1.25 0.61  1.95 0.23 26.93 29.14 -17.90
         CEERS 58069 215.131469  52.984914  7.48 0 -0.96 1.16  2.10 0.21 26.57 30.00 -17.04
         CEERS 65326 214.886422  52.823379  7.87 0 -2.09 0.53  1.46 0.24 27.44 29.21 -17.91
         CEERS 69459 214.889680  52.832977  5.67 1 -2.01 0.53  0.45 0.21 26.97 28.80 -17.80
         CEERS 80072 214.937207  52.965350  9.04 0 -0.62 0.84  2.39 0.41 27.31 30.24 -17.09
         CEERS 80438 214.902238  52.939369  8.44 0 -1.81 0.28  2.25 0.24 26.66 28.55 -18.68
         CEERS 81443 214.830688  52.887770  9.13 0 -1.70 0.36  1.81 0.30 26.31 28.31 -19.04
         CEERS 82815 214.809145  52.868483  5.62 1 -1.78 1.08  1.88 0.23 25.64 28.57 -18.02
         CEERS 88326 214.779224  52.836922  3.88 0 -2.24 2.03  1.01 0.23 26.90 29.63 -16.34
         CEERS 96811 214.861035  52.879024  5.20 0 -2.25 0.50  1.17 0.13 26.76 28.96 -17.51
         CEERS 99879 214.871881  52.880431  5.68 1 -2.28 0.59  0.32 0.25 27.48 28.99 -17.62
        CEERS 102791 214.695150  52.748564  9.04 0 -1.92 0.31  2.21 0.26 26.20 28.24 -19.09
        CEERS 107936 214.701887  52.744079  8.05 0 -1.22 0.60  0.74 0.45 27.15 29.34 -17.81
        CEERS 110480 214.913993  52.889968  6.91 0 -2.19 0.94 -0.01 0.43 28.26 29.65 -17.26
        CEERS 110826 214.914034  52.889829  7.84 0 -2.26 1.15  2.20 0.55 27.66 29.55 -17.56
        CEERS 111399 214.896763  52.875798  6.13 1 -2.63 0.94  1.10 0.28 27.55 29.46 -17.27
        CEERS 111679 214.891920  52.873915  7.00 0 -1.93 1.62  0.38 0.46 27.72 29.88 -17.06
        CEERS 114801 214.975531  52.925267  5.11 1 -1.84 0.55  1.54 0.17 26.33 28.97 -17.46
        CEERS 124311 214.863954  52.918145  7.39 0 -1.56 1.81  0.21 0.34 27.98 30.04 -16.98
         NGDEEP 1868  53.262517 -27.820981  4.45 0 -1.71 0.03  2.22 0.01 23.80 26.87 -19.34
         NGDEEP 2510  53.227373 -27.828794  6.73 0 -1.82 0.14  1.27 0.04 25.40 27.94 -18.94
         NGDEEP 3027  53.276239 -27.839022  6.04 0 -1.90 0.08  1.59 0.03 25.01 27.63 -19.08
         NGDEEP 4524  53.243145 -27.862041  6.73 0 -2.34 0.12  0.98 0.05 25.43 27.18 -19.70
         NGDEEP 5091  53.267687 -27.869338  8.89 0 -1.42 0.06  3.40 0.07 26.23 28.28 -19.02
         NGDEEP 7057  53.220037 -27.804005  5.29 0 -2.31 0.19  1.08 0.09 27.11 28.58 -17.91
         NGDEEP 9888  53.235335 -27.821536  8.29 0 -2.23 0.22  2.98 0.34 27.70 29.06 -18.14
        NGDEEP 11365  53.235203 -27.832254  9.76 0 -1.83 0.72  5.04 0.52 28.45 31.13 -16.31
        NGDEEP 12355  53.245764 -27.845503  4.45 0 -2.39 0.33  0.50 0.39 26.69 28.26 -17.94
        NGDEEP 16817  53.250314 -27.870406  6.28 0 -2.28 1.01  1.74 0.26 28.07 30.84 -15.92
           JADES 430  53.161372 -27.737666  6.79 0 -1.53 0.12  0.80 0.03 25.10 27.58 -19.31
           JADES 534  53.158183 -27.739128  6.10 0 -1.32 0.25  2.02 0.06 25.58 28.57 -18.15
           JADES 903  53.184783 -27.744047  5.05 0 -2.24 0.44  0.49 0.09 26.79 28.93 -17.48
          JADES 2632  53.179218 -27.758732  5.98 0 -1.64 0.18  0.27 0.06 26.08 27.96 -18.73
          JADES 3856  53.190768 -27.767884  7.33 0 -2.25 0.26  0.28 0.15 27.71 28.73 -18.28
          JADES 4454  53.166111 -27.772041  6.34 0 -1.82 0.19  0.01 0.09 26.22 27.92 -18.86
          JADES 4461  53.203994 -27.772098  7.51 0 -1.81 0.35  2.21 0.06 25.90 29.02 -18.02
          JADES 6698  53.126898 -27.786151  7.24 0 -1.05 0.28  1.94 0.04 25.45 29.10 -17.89
          JADES 6923  53.125427 -27.787437  4.99 0 -1.37 0.42  0.67 0.03 25.84 29.84 -16.56
          JADES 8103  53.121420 -27.794912  7.51 0 -0.41 0.48  2.17 0.05 26.17 30.17 -16.88
          JADES 8275  53.175596 -27.795890  5.59 0 -2.03 0.33  0.27 0.14 26.81 28.04 -18.54
          JADES 8646  53.111539 -27.798072  4.15 0 -1.85 0.38  0.07 0.10 26.84 28.85 -17.23
         JADES 10491  53.145293 -27.808666  2.89 0 -1.37 0.29  0.84 0.06 25.77 29.08 -16.37
         JADES 11027  53.159331 -27.811751  4.87 0 -2.50 0.20  0.24 0.06 26.69 28.20 -18.15
         JADES 11125  53.067680 -27.812331  4.63 0 -1.96 0.04  0.73 0.02 23.98 26.02 -20.25
         JADES 12068  53.126537 -27.818091  5.92 1 -2.31 0.19  0.62 0.08 26.03 27.58 -19.09
         JADES 14445  53.086974 -27.831901  6.16 0 -1.81 0.25  1.19 0.09 26.19 28.31 -18.43
         JADES 14655  53.073157 -27.833130  7.33 0 -1.58 0.36  0.21 0.12 26.68 28.11 -18.90
         JADES 15457  53.067296 -27.838335  6.43 0 -1.87 0.67  1.58 0.12 26.16 28.93 -17.87
         JADES 16024  53.042427 -27.841818  4.69 0 -2.06 0.21  1.88 0.06 23.73 27.63 -18.66
         JADES 17724  53.034904 -27.852188  4.36 0 -1.49 0.12  0.27 0.04 25.37 27.70 -18.47
         JADES 17876  53.096419 -27.853090  5.29 0 -1.81 0.24  1.08 0.07 26.99 29.26 -17.23
         JADES 18065  53.046014 -27.853993  8.14 0 -1.74 0.20  2.14 0.17 26.43 28.12 -19.05
         JADES 19110  53.115315 -27.859219  3.70 0 -1.71 0.21 -0.01 0.06 25.36 28.18 -17.71
         JADES 20532  53.124768 -27.866299  4.51 0 -1.38 0.11  0.52 0.04 24.37 27.39 -18.84
         JADES 21540  53.064114 -27.870933  5.41 0 -2.67 0.42  1.89 0.07 25.84 28.34 -18.19
         JADES 21598  53.087731 -27.871244  4.72 0 -1.81 0.31  1.14 0.07 26.86 28.99 -17.31
         JADES 21925  53.086830 -27.873056  3.10 0 -1.41 0.14  1.27 0.03 22.69 26.99 -18.59
         JADES 24052  53.074129 -27.883704  5.23 0 -1.82 0.38  0.23 0.07 25.98 27.96 -18.51
         JADES 24287  53.036911 -27.884895  3.40 0 -1.25 0.11  0.02 0.03 24.68 27.22 -18.52
         JADES 25547  53.119075 -27.892556  7.36 0 -1.75 0.80  1.81 0.17 25.93 28.50 -18.52
         JADES 26901  53.097523 -27.901256  5.26 0 -1.50 0.12  0.64 0.04 24.28 26.89 -19.60
         JADES 27709  53.076339 -27.909921  5.47 0 -2.15 0.37  1.33 0.10 25.36 27.98 -18.57
         JADES 30318  53.096263 -27.901148  8.20 0 -2.11 0.25  1.31 0.42 27.72 28.73 -18.45
         JADES 31938  53.108632 -27.895708  7.48 0 -2.29 3.16  1.66 0.38 28.14 30.09 -16.95
         JADES 33140  53.039823 -27.891842  7.18 0 -2.71 0.42  0.07 0.25 28.99 29.71 -17.27
         JADES 33225  53.055900 -27.891657  5.71 0 -2.18 0.45  1.59 0.18 27.61 29.37 -17.25
         JADES 51898  53.101878 -27.810947  5.17 0 -1.07 0.96  0.88 0.14 26.26 29.78 -16.67
         JADES 58277  53.133827 -27.828256  7.48 0 -1.73 1.68  2.84 0.22 27.09 30.41 -16.63
         JADES 64894  53.060546 -27.848401  5.44 0 -1.86 0.40  0.63 0.20 26.89 28.79 -17.75
         JADES 65849  53.108307 -27.851008  5.71 0 -2.64 0.67  0.87 0.25 27.68 29.05 -17.56
         JADES 67592  53.072478 -27.855352 11.26 0 -0.81 0.31  2.23 0.38 28.56 30.12 -17.53
         JADES 74394  53.147950 -27.759930  6.16 0 -2.38 0.58  1.02 0.20 27.65 29.66 -17.07
         JADES 81234  53.144299 -27.779856  7.93 0 -1.17 1.10  1.16 0.15 27.58 29.66 -17.47
         JADES 82209  53.197512 -27.782456 10.48 0 -1.80 0.28  0.60 0.49 28.62 29.49 -18.05
         JADES 85727  53.138702 -27.792481  8.65 0 -2.24 0.40  3.01 0.46 28.78 30.43 -16.83
     PRIMER-COS 2144 150.139906   2.442501  4.66 0 -1.10 0.66  0.05 0.20 27.53 28.96 -17.32
     PRIMER-COS 2356 150.163424   2.439157  5.14 0 -0.84 0.65  0.34 0.04 24.22 28.24 -18.20
     PRIMER-COS 2451 150.173282   2.437678  4.69 0 -1.60 0.26  0.14 0.08 24.82 26.72 -19.57
     PRIMER-COS 2601 150.131691   2.435682  4.51 0 -2.05 0.14  0.99 0.05 24.00 26.42 -19.81
     PRIMER-COS 3209 150.116167   2.427454  4.63 0 -2.39 0.88  0.48 0.22 26.79 28.69 -17.58
     PRIMER-COS 3866 150.100965   2.419420  4.66 1 -0.48 0.03  0.12 0.02 19.75 22.58 -23.71
     PRIMER-COS 4240 150.128729   2.416338  5.80 0 -2.18 0.36  0.96 0.08 25.22 27.23 -19.41
     PRIMER-COS 5621 150.155826   2.403112  5.23 0 -2.00 0.32  0.55 0.05 25.29 27.75 -18.72
     PRIMER-COS 5844 150.137105   2.401210  8.20 0 -2.19 0.21  1.73 0.19 26.13 27.48 -19.70
     PRIMER-COS 7071 150.142362   2.390024  5.23 0 -2.64 1.07  1.19 0.10 26.02 28.49 -17.98
     PRIMER-COS 7103 150.125820   2.389715  7.03 0 -2.55 0.34  0.59 0.11 26.56 27.69 -19.25
     PRIMER-COS 7236 150.170166   2.388390  5.29 0 -1.93 0.14  0.48 0.04 23.74 25.88 -20.61
     PRIMER-COS 8227 150.156844   2.379459  6.67 0 -1.56 0.74  0.89 0.08 25.95 28.90 -17.96
     PRIMER-COS 8550 150.175900   2.376759  4.93 0 -1.83 0.74  0.16 0.08 25.82 28.70 -17.68
     PRIMER-COS 8925 150.074228   2.373893  5.20 0 -1.81 0.17  0.55 0.04 24.37 26.64 -19.82
     PRIMER-COS 8962 150.094115   2.373685  6.52 0 -0.82 1.11  1.54 0.12 25.20 28.66 -18.16
     PRIMER-COS 9114 150.078333   2.372687  5.74 0 -2.31 0.74  0.91 0.11 26.02 28.44 -18.18
    PRIMER-COS 10864 150.106897   2.360045  7.45 0 -1.41 0.26  0.88 0.06 25.33 27.58 -19.46
    PRIMER-COS 11625 150.063327   2.354978  4.72 0 -1.29 0.52  0.47 0.10 25.50 27.99 -18.31
    PRIMER-COS 12184 150.076710   2.350924  5.17 0 -2.29 0.54  0.77 0.10 26.13 28.17 -18.29
    PRIMER-COS 13104 150.144439   2.344396  4.54 0 -2.11 0.11  0.52 0.03 24.05 26.26 -19.98
    PRIMER-COS 13211 150.098997   2.343621  7.06 0 -2.60 0.07  1.38 0.03 23.89 25.14 -21.82
    PRIMER-COS 13886 150.175769   2.338785  5.86 0 -1.23 0.17  1.02 0.04 23.56 26.64 -20.02
    PRIMER-COS 15702 150.075680   2.325286  4.69 0 -1.11 0.58  0.75 0.21 27.32 28.73 -17.56
    PRIMER-COS 16423 150.158353   2.320199  5.17 0 -2.11 0.27  0.43 0.04 25.31 27.76 -18.69
    PRIMER-COS 18805 150.067833   2.303299  6.43 0 -2.23 0.71  0.80 0.19 25.62 27.74 -19.07
    PRIMER-COS 20188 150.076026   2.293770  5.77 0 -1.18 1.04  0.92 0.18 25.25 28.18 -18.45
    PRIMER-COS 20492 150.055362   2.291587  6.43 0 -1.98 0.25  0.16 0.09 24.46 26.00 -20.80
    PRIMER-COS 21151 150.160250   2.286545  6.52 0 -1.94 0.28  1.21 0.07 24.61 27.00 -19.83
    PRIMER-COS 21273 150.079159   2.285734  6.37 0 -2.06 0.35  0.79 0.09 25.73 27.59 -19.20
    PRIMER-COS 21309 150.111534   2.285523  5.23 0 -2.58 1.12  0.15 0.12 26.64 28.70 -17.77
    PRIMER-COS 21700 150.115213   2.282988  4.69 0 -1.49 0.99  0.30 0.13 26.36 28.73 -17.56
    PRIMER-COS 21824 150.129272   2.282174  5.98 0 -1.29 0.21  1.72 0.04 24.61 27.43 -19.26
    PRIMER-COS 21848 150.133426   2.282079  5.38 0 -1.92 0.41  0.60 0.10 26.41 28.34 -18.18
    PRIMER-COS 22424 150.082810   2.277724  5.35 0 -2.00 0.54  2.00 0.07 25.24 28.34 -18.17
    PRIMER-COS 22433 150.078017   2.277621  6.28 0 -1.42 0.32  1.25 0.08 24.41 27.33 -19.43
    PRIMER-COS 22990 150.152758   2.273191  5.17 0 -2.49 0.67  0.65 0.12 26.57 28.43 -18.03
    PRIMER-COS 23860 150.156146   2.266059  4.63 0 -1.37 0.38  0.48 0.07 25.22 27.82 -18.45
    PRIMER-COS 24118 150.150786   2.264098  4.72 0 -1.33 0.41  0.90 0.07 25.21 28.01 -18.30
    PRIMER-COS 24284 150.124720   2.262795  6.43 0 -1.35 0.39  2.46 0.05 24.55 28.14 -18.67
    PRIMER-COS 25273 150.084702   2.254013  8.56 0 -1.87 0.19  1.64 0.19 26.29 27.60 -19.64
    PRIMER-COS 25438 150.149346   2.252564  5.47 0 -2.55 0.66  0.98 0.11 26.00 28.10 -18.45
    PRIMER-COS 26016 150.063751   2.246798  5.47 0 -1.00 0.19  1.27 0.03 23.22 27.09 -19.45
    PRIMER-COS 26165 150.111060   2.245269  7.39 0 -1.46 0.31  1.06 0.07 25.27 27.50 -19.52
    PRIMER-COS 26676 150.066564   2.240178  6.04 0 -1.86 0.69  1.37 0.14 25.50 27.95 -18.76
    PRIMER-COS 27477 150.098383   2.232665  4.33 0 -2.17 1.89  0.41 0.07 23.49 28.23 -17.93
    PRIMER-COS 27851 150.149505   2.228654  6.49 0 -2.14 0.53  0.35 0.10 25.80 27.86 -18.96
    PRIMER-COS 30025 150.122938   2.203296  5.26 0 -2.28 1.53  0.29 0.10 24.91 27.28 -19.20
    PRIMER-COS 30244 150.071665   2.200398  5.17 0 -1.71 0.31  1.02 0.05 23.62 26.83 -19.63
    PRIMER-COS 30612 150.118931   2.194972  6.37 0 -1.62 0.15  1.66 0.06 24.54 26.81 -19.98
    PRIMER-COS 31362 150.149146   2.183952  6.01 0 -2.55 0.23  0.36 0.07 24.76 26.24 -20.45
    PRIMER-COS 35781 150.085867   2.189921  4.72 0 -1.33 1.74  1.09 0.29 26.94 29.50 -16.81
    PRIMER-COS 36179 150.075250   2.191796  7.45 0 -1.71 1.35  1.68 0.32 26.51 28.75 -18.29
    PRIMER-COS 39253 150.149576   2.205510  8.56 0 -2.48 0.36  0.33 0.29 26.28 27.24 -20.00
    PRIMER-COS 42535 150.063143   2.218324  6.49 0 -2.78 2.35  0.54 0.31 26.70 28.80 -18.02
    PRIMER-COS 44560 150.062547   2.225718  7.45 0 -1.70 1.32  2.11 0.32 25.75 28.41 -18.62
    PRIMER-COS 46911 150.175418   2.234439 10.60 0 -0.72 0.94  2.11 0.64 26.92 28.72 -18.84
    PRIMER-COS 49030 150.109599   2.241405  7.48 0 -2.61 2.29  2.67 0.38 26.94 29.38 -17.66
    PRIMER-COS 52735 150.123521   2.254837  6.94 0 -1.67 0.63  0.13 0.32 26.91 28.04 -18.88
    PRIMER-COS 55624 150.104751   2.263992  6.22 0 -0.96 2.72  0.49 0.20 27.04 30.53 -16.22
    PRIMER-COS 57613 150.099018   2.270399  6.37 0 -1.73 1.56  1.46 0.26 26.61 29.05 -17.74
    PRIMER-COS 57671 150.116172   2.270558  5.17 0 -2.35 0.99  1.86 0.15 26.18 28.74 -17.71
    PRIMER-COS 58401 150.098225   2.272912  5.20 0 -2.52 2.91  1.06 0.31 26.97 29.08 -17.38
    PRIMER-COS 63553 150.183066   2.288418  5.44 0 -2.55 0.66  0.37 0.16 26.45 28.03 -18.51
    PRIMER-COS 65459 150.129180   2.294164  7.45 0 -1.67 3.60  1.81 0.47 27.37 29.57 -17.47
    PRIMER-COS 67746 150.081871   2.300450  9.16 0 -2.44 0.35  1.48 0.70 27.90 28.40 -18.95
    PRIMER-COS 70533 150.136254   2.308030 11.92 0 -0.50 0.41  5.33 0.26 26.38 28.89 -18.85
    PRIMER-COS 74251 150.072897   2.323619  6.43 0 -1.71 0.73  1.11 0.18 26.36 28.67 -18.14
    PRIMER-COS 75330 150.083618   2.320564  5.56 0 -2.10 1.03  1.43 0.25 26.53 28.65 -17.92
    PRIMER-COS 78729 150.161027   2.465804 10.45 0 -1.59 0.57  2.13 0.35 25.25 27.43 -20.12
    PRIMER-COS 79014 150.160274   2.464053  9.79 0 -1.83 0.41  1.53 0.53 27.07 28.14 -19.31
    PRIMER-COS 80637 150.118144   2.454310  7.45 0 -1.31 1.40  1.20 0.49 27.37 29.07 -17.96
    PRIMER-COS 81528 150.129893   2.448441  7.93 0 -2.14 0.44  0.33 0.24 26.93 27.73 -19.40
    PRIMER-COS 86997 150.115063   2.419683  6.40 0 -1.63 1.34  1.24 0.20 26.32 28.82 -17.98
    PRIMER-COS 93733 150.076182   2.394829  9.04 0 -0.85 0.83  3.16 0.58 26.56 28.80 -18.53
   PRIMER-COS 100798 150.058948   2.371372  5.20 0 -1.98 0.80  1.81 0.26 26.29 28.16 -18.30
   PRIMER-COS 101131 150.127057   2.370589  9.31 0 -2.34 0.48  1.29 0.59 28.16 28.97 -18.41
   PRIMER-COS 108622 150.154692   2.350232  6.34 0 -0.83 1.06  0.23 0.22 26.95 29.15 -17.63
   PRIMER-COS 111762 150.170179   2.342379  6.10 0 -1.11 1.50  0.61 0.17 27.33 30.20 -16.52
   PRIMER-COS 113415 150.155705   2.337610 10.69 0 -0.95 1.03  2.15 0.43 27.60 29.99 -17.58
   PRIMER-COS 114914 150.117032   2.332659  5.32 0 -2.03 0.87  0.64 0.18 27.00 29.09 -17.41
     PRIMER-UDS 1113  34.261651  -5.089333  5.83 0 -1.76 0.68  1.25 0.09 24.98 27.99 -18.66
     PRIMER-UDS 1800  34.441686  -5.093678  5.17 0 -1.34 0.47  0.02 0.05 23.88 27.45 -19.01
     PRIMER-UDS 2050  34.202316  -5.095298  6.43 0 -1.01 0.51  0.97 0.08 24.56 27.44 -19.36
     PRIMER-UDS 2154  34.201532  -5.095948  6.37 0 -2.79 0.68  0.19 0.22 25.42 26.92 -19.87
     PRIMER-UDS 2557  34.210411  -5.098689  3.52 0 -1.98 2.04  0.02 0.09 24.33 28.19 -17.61
     PRIMER-UDS 3510  34.368949  -5.103948  5.92 0 -1.69 0.42  1.67 0.05 24.62 27.86 -18.81
     PRIMER-UDS 4090  34.394401  -5.106762  5.17 0 -1.87 0.60  1.04 0.07 25.10 28.29 -18.17
     PRIMER-UDS 4396  34.374881  -5.108179  5.83 0 -1.63 0.33  1.37 0.10 25.40 27.56 -19.09
     PRIMER-UDS 4828  34.334611  -5.110271  4.51 0 -1.90 0.27  0.45 0.09 24.67 26.68 -19.55
     PRIMER-UDS 5280  34.353248  -5.112265  5.17 0 -2.33 0.42  0.35 0.08 25.38 27.49 -18.96
     PRIMER-UDS 5480  34.430215  -5.113209  5.80 0 -2.09 0.17  0.08 0.06 24.78 26.64 -20.00
     PRIMER-UDS 5719  34.216890  -5.114330  5.20 0 -2.60 1.51  0.98 0.11 25.27 28.25 -18.21
     PRIMER-UDS 6563  34.340241  -5.118699  5.74 0 -2.40 0.27  0.35 0.11 26.06 27.42 -19.20
     PRIMER-UDS 6817  34.267040  -5.120038  4.75 0 -1.73 0.40  0.84 0.08 25.10 27.61 -18.71
     PRIMER-UDS 9235  34.460348  -5.131579  4.45 0 -0.73 0.35  0.46 0.05 23.33 27.13 -19.07
    PRIMER-UDS 10330  34.447346  -5.135882  5.38 0 -2.08 0.59  1.48 0.12 25.53 27.98 -18.54
    PRIMER-UDS 13468  34.315038  -5.149331  6.97 0 -2.56 0.11  1.49 0.06 24.92 25.85 -21.08
    PRIMER-UDS 13624  34.295992  -5.149867  5.89 0 -1.43 0.37  0.96 0.07 24.60 27.20 -19.47
    PRIMER-UDS 14126  34.247823  -5.151952  7.39 0 -1.29 0.48  1.22 0.11 25.75 28.04 -18.98
    PRIMER-UDS 14305  34.404967  -5.152616  4.42 0 -1.55 0.26  0.32 0.08 25.43 27.22 -18.98
    PRIMER-UDS 14388  34.262847  -5.152974  6.97 0 -2.43 0.55  0.40 0.19 26.01 27.23 -19.70
    PRIMER-UDS 15912  34.425898  -5.159194  6.61 0 -1.50 0.78  1.07 0.12 25.75 28.55 -18.30
    PRIMER-UDS 17160  34.446115  -5.165109  8.14 0 -1.31 0.21  0.88 0.18 25.55 27.32 -19.85
    PRIMER-UDS 17818  34.346186  -5.168181  6.37 0 -1.35 0.35  1.52 0.06 24.84 27.79 -19.00
    PRIMER-UDS 18052  34.407997  -5.169145  6.40 0 -1.30 0.99  0.66 0.09 25.37 28.47 -18.33
    PRIMER-UDS 18356  34.438962  -5.170551  4.36 0 -1.71 0.22  0.09 0.07 24.99 27.14 -19.03
    PRIMER-UDS 18962  34.362942  -5.173186  7.36 0 -1.31 0.62  1.98 0.08 25.54 28.54 -18.48
    PRIMER-UDS 19877  34.363493  -5.176950  4.39 0 -1.73 0.13  0.56 0.04 24.13 26.69 -19.49
    PRIMER-UDS 21550  34.458208  -5.184345  5.20 0 -1.61 1.43  1.59 0.06 24.81 29.19 -17.27
    PRIMER-UDS 21988  34.283363  -5.186535  7.45 0 -1.48 0.56  0.51 0.16 25.88 27.19 -19.84
    PRIMER-UDS 22699  34.471108  -5.190456  5.38 0 -1.75 0.42  1.76 0.07 24.08 27.15 -19.37
    PRIMER-UDS 22980  34.462849  -5.191972  6.40 0 -1.26 0.54  2.20 0.05 24.21 28.00 -18.79
    PRIMER-UDS 23172  34.531264  -5.192856  5.23 0 -2.03 1.04  1.06 0.10 25.20 27.84 -18.63
    PRIMER-UDS 23515  34.425670  -5.194660  5.20 0 -2.30 0.53  0.08 0.08 25.06 27.07 -19.40
    PRIMER-UDS 23662  34.465403  -5.195348  6.43 0 -2.08 0.32  1.39 0.08 25.33 27.44 -19.36
    PRIMER-UDS 25458  34.367273  -5.204192  6.34 0 -1.12 0.58  1.82 0.06 24.18 27.58 -19.21
    PRIMER-UDS 26181  34.403068  -5.208193  4.57 0 -1.72 0.45  0.90 0.09 25.08 28.15 -18.10
    PRIMER-UDS 27299  34.368747  -5.214285  4.36 0 -1.75 0.06  0.10 0.04 23.32 25.58 -20.59
    PRIMER-UDS 27926  34.270696  -5.217642  4.63 0 -1.05 0.20  1.84 0.08 24.14 27.03 -19.24
    PRIMER-UDS 29881  34.313132  -5.226765  6.17 1 -1.79 0.70  1.41 0.11 25.86 28.68 -18.06
    PRIMER-UDS 30549  34.331205  -5.229849  5.41 0 -1.29 0.73  0.86 0.10 25.36 28.03 -18.50
    PRIMER-UDS 31092  34.264581  -5.232544  5.68 1 -1.53 0.35  0.36 0.12 24.64 26.88 -19.72
    PRIMER-UDS 31813  34.343978  -5.236175  4.48 0 -1.40 0.10  0.01 0.05 24.59 26.67 -19.55
    PRIMER-UDS 31918  34.343903  -5.236671  2.44 0 -1.82 0.95  0.31 0.52 26.23 29.26 -15.88
    PRIMER-UDS 32438  34.241809  -5.239401  3.50 1 -1.25 1.13  0.03 0.10 24.54 29.02 -16.77
    PRIMER-UDS 33438  34.283640  -5.243915  3.82 0 -1.77 0.22  0.26 0.11 25.91 27.50 -18.44
    PRIMER-UDS 33823  34.244190  -5.245834  3.10 1 -0.70 0.17  2.38 0.04 22.22 27.50 -18.09
    PRIMER-UDS 34633  34.230889  -5.249530  2.44 0 -2.19 0.40  0.60 0.18 24.80 27.39 -17.75
    PRIMER-UDS 34815  34.514216  -5.250379  5.20 0 -1.33 0.42  1.30 0.06 24.39 27.93 -18.53
    PRIMER-UDS 34899  34.422285  -5.250725  5.77 0 -1.91 0.12  1.28 0.04 24.21 26.62 -20.01
    PRIMER-UDS 35121  34.407059  -5.251676  5.23 0 -1.07 0.77  1.68 0.09 25.29 28.77 -17.70
    PRIMER-UDS 38096  34.466076  -5.264787  6.40 0 -1.32 0.49  1.95 0.06 24.55 27.65 -19.15
    PRIMER-UDS 39469  34.453339  -5.270736  5.29 0 -1.99 0.62  0.80 0.15 25.92 27.90 -18.59
    PRIMER-UDS 40579  34.304973  -5.275404  4.66 0 -2.11 0.41  0.27 0.12 26.49 27.68 -18.61
    PRIMER-UDS 40898  34.391916  -5.276940  5.47 0 -1.34 0.15  1.35 0.02 23.56 26.90 -19.65
    PRIMER-UDS 41039  34.398885  -5.277552  4.69 0 -2.48 0.57  1.87 0.13 25.22 28.03 -18.27
    PRIMER-UDS 42216  34.366884  -5.284193  4.60 0 -1.30 0.31  0.56 0.08 23.66 26.59 -19.67
    PRIMER-UDS 44702  34.420911  -5.296178  4.63 0 -2.27 0.17  0.65 0.06 23.98 25.98 -20.29
    PRIMER-UDS 44877  34.306548  -5.297159  2.80 0 -2.19 0.99  1.33 0.05 22.52 27.52 -17.88
    PRIMER-UDS 45308  34.510423  -5.299396  5.26 0 -1.70 0.96 -0.01 0.10 25.37 28.22 -18.26
    PRIMER-UDS 45536  34.270272  -5.300703  4.69 0 -1.11 1.60  0.53 0.16 25.69 28.32 -17.97
    PRIMER-UDS 46014  34.246434  -5.303368  4.72 0 -2.29 1.17  0.49 0.16 25.51 27.38 -18.92
    PRIMER-UDS 46081  34.381664  -5.303754  4.51 0 -1.90 3.35  0.37 0.24 25.92 28.50 -17.73
    PRIMER-UDS 47164  34.376136  -5.310380  7.96 0 -1.31 1.68  0.27 0.24 25.50 27.73 -19.41
    PRIMER-UDS 48715  34.409558  -5.322057  7.45 0 -1.27 0.60  1.39 0.17 25.37 27.66 -19.38
    PRIMER-UDS 60251  34.437900  -5.299977  7.42 0 -2.57 1.03  0.62 0.30 26.92 28.44 -18.59
    PRIMER-UDS 62612  34.283372  -5.296272  7.42 0 -2.45 0.89  0.56 0.26 26.19 27.43 -19.60
    PRIMER-UDS 66751  34.254151  -5.290015 10.54 0 -1.62 0.55  2.35 0.32 26.19 28.23 -19.32
    PRIMER-UDS 68913  34.478260  -5.286850  7.39 0 -2.64 1.33  2.23 0.36 27.04 28.77 -18.25
    PRIMER-UDS 72386  34.330303  -5.281233  8.89 0 -2.05 0.19  2.67 0.24 26.29 27.65 -19.66
    PRIMER-UDS 75424  34.374826  -5.275530  5.17 0 -1.40 1.12  0.21 0.23 26.88 29.19 -17.26
    PRIMER-UDS 76730  34.407514  -5.273147  5.20 0 -2.35 1.15  1.15 0.21 26.68 28.72 -17.74
    PRIMER-UDS 77750  34.243692  -5.271402  6.97 0 -2.79 1.27  1.28 0.19 26.51 28.72 -18.21
    PRIMER-UDS 78549  34.395652  -5.270093  6.13 0 -2.35 0.29  0.59 0.14 26.57 27.80 -18.93
    PRIMER-UDS 81866  34.352438  -5.264601  7.42 0 -1.74 1.27  1.29 0.38 26.66 28.26 -18.76
    PRIMER-UDS 84401  34.363537  -5.260795  5.47 0 -1.62 1.32  0.91 0.33 26.62 28.98 -17.57
    PRIMER-UDS 89614  34.324099  -5.252779  5.38 0 -2.78 2.09  0.71 0.18 26.54 28.36 -18.16
    PRIMER-UDS 92160  34.310556  -5.249880  7.45 0 -1.67 0.89  1.69 0.17 26.42 28.92 -18.11
   PRIMER-UDS 102661  34.469732  -5.231929  7.48 0 -0.82 2.53  0.88 0.45 26.90 29.69 -17.35
   PRIMER-UDS 102711  34.455357  -5.231831  4.99 0 -2.04 2.61  0.94 0.24 25.72 28.76 -17.64
   PRIMER-UDS 104993  34.288022  -5.227692  6.55 0 -1.24 2.05  1.17 0.45 26.66 28.96 -17.87
   PRIMER-UDS 105042  34.330528  -5.227622  6.04 0 -2.81 3.28  1.67 0.19 26.59 29.06 -17.65
   PRIMER-UDS 106389  34.426489  -5.225494 11.29 0 -1.77 0.55  2.60 0.70 27.25 28.36 -19.29
   PRIMER-UDS 113436  34.323597  -5.214154  7.84 0 -2.51 0.74  0.76 0.22 25.64 26.99 -20.13
   PRIMER-UDS 115809  34.372206  -5.210033  7.33 0 -1.48 0.90  1.67 0.14 25.67 28.30 -18.71
   PRIMER-UDS 116251  34.260537  -5.209120  5.36 1 -0.72 1.60  0.62 0.24 25.87 28.71 -17.81
   PRIMER-UDS 117853  34.402330  -5.206125  5.44 0 -0.83 1.44  0.07 0.31 27.45 29.68 -16.86
   PRIMER-UDS 118593  34.357374  -5.204709  7.66 0 -1.93 0.91  2.56 0.30 25.55 27.75 -19.33
   PRIMER-UDS 119639  34.312143  -5.202546  6.52 1 -2.34 2.27  1.61 0.26 25.66 29.17 -17.65
   PRIMER-UDS 120405  34.339751  -5.201218  3.91 0 -1.43 0.87  0.14 0.44 26.87 28.60 -17.39
   PRIMER-UDS 134793  34.505257  -5.176794 10.57 0 -1.43 1.34  3.04 0.85 27.67 29.55 -18.01
   PRIMER-UDS 135543  34.340967  -5.175472  8.32 0 -2.02 0.58  2.41 0.36 26.67 28.43 -18.77
   PRIMER-UDS 139224  34.281684  -5.169136  7.00 0 -0.96 2.05  1.59 0.38 26.74 29.24 -17.70
   PRIMER-UDS 139484  34.478026  -5.168735  5.77 0 -2.81 0.63  0.30 0.20 26.44 27.66 -18.97
   PRIMER-UDS 144975  34.280568  -5.159733  7.45 0 -2.23 1.26  1.84 0.47 27.28 28.85 -18.18
   PRIMER-UDS 146038  34.476389  -5.158091  8.89 0 -2.72 0.69  3.45 0.95 27.75 28.53 -18.77
   PRIMER-UDS 147500  34.292581  -5.089296  7.45 0 -1.74 0.39  0.31 0.12 25.58 27.32 -19.72
   PRIMER-UDS 147765  34.229124  -5.097348  5.05 0 -2.07 2.09  0.55 0.23 25.72 28.07 -18.34
   PRIMER-UDS 149541  34.228539  -5.101480  6.61 0 -2.39 2.12  1.04 0.18 26.26 29.39 -17.46
   PRIMER-UDS 151408  34.404447  -5.104179 11.38 0 -1.30 0.84  3.86 0.41 26.21 28.76 -18.91
   PRIMER-UDS 151980  34.422908  -5.104757 10.48 0 -1.73 0.84  1.85 0.55 27.03 28.74 -18.80
   PRIMER-UDS 152026  34.269194  -5.105731  7.42 0 -1.71 0.76  0.65 0.21 26.49 28.15 -18.88
   PRIMER-UDS 152826  34.218441  -5.107111  7.03 0 -2.52 0.76  0.90 0.20 25.83 27.49 -19.45
   PRIMER-UDS 153498  34.434424  -5.108764  7.00 0 -2.03 1.70 -0.02 0.37 28.27 29.95 -16.98
   PRIMER-UDS 158644  34.372364  -5.115915  7.48 0 -1.30 0.93  1.65 0.13 26.35 29.21 -17.83
   PRIMER-UDS 159206  34.439668  -5.117357  7.90 0 -1.37 0.58  0.73 0.17 26.73 28.59 -18.53
   PRIMER-UDS 161988  34.447128  -5.123007  6.94 0 -1.51 0.67  0.73 0.22 25.65 27.55 -19.38
   PRIMER-UDS 165526  34.277045  -5.128306  6.64 0 -1.23 0.94  0.96 0.19 26.83 29.21 -17.64
   PRIMER-UDS 165865  34.429471  -5.128854  5.20 0 -2.67 0.79  1.20 0.15 26.46 28.55 -17.91
   PRIMER-UDS 170710  34.397467  -5.135125  7.60 0 -1.76 1.83  2.28 0.12 25.73 29.81 -17.25
   PRIMER-UDS 173887  34.238463  -5.140396 10.00 0 -1.15 0.55  2.38 0.41 26.41 28.29 -19.19
   PRIMER-UDS 177350  34.411921  -5.144804  7.63 0 -1.86 0.86  0.96 0.18 27.01 28.84 -18.23
   PRIMER-UDS 178738  34.276037  -5.147996  6.55 0 -1.23 0.78  0.33 0.18 26.72 28.82 -18.01
   PRIMER-UDS 181563  34.467429  -5.150201  7.21 0 -2.42 0.77  2.31 0.44 27.07 28.48 -18.50
   PRIMER-UDS 183087  34.291400  -5.153348  5.26 0 -0.73 1.53  0.63 0.15 26.13 29.61 -16.87
   PRIMER-UDS 191132  34.439678  -5.093826  7.48 0 -1.09 0.93  0.63 0.29 26.46 28.24 -18.80
   PRIMER-UDS 191777  34.263345  -5.095113  7.33 0 -1.36 0.97  0.90 0.23 26.32 28.55 -18.46
        UNCOVER 1831   3.486596 -30.329439  5.17 0 -0.97 1.04  0.13 0.18 27.03 29.69 -16.77
        UNCOVER 2918   3.510632 -30.341966  4.36 0 -1.96 0.06  0.38 0.03 24.25 26.52 -19.65
        UNCOVER 3345   3.506422 -30.345965  6.79 0 -1.94 0.14  0.87 0.04 24.89 27.07 -19.82
        UNCOVER 3943   3.498850 -30.352940  4.75 0 -1.24 0.07  0.90 0.02 23.74 26.67 -19.65
        UNCOVER 3989   3.533994 -30.353307  6.76 1 -1.51 0.29  0.12 0.12 25.84 27.48 -19.41
        UNCOVER 4535   3.530005 -30.358017  4.96 1 -1.70 0.10  0.01 0.02 24.74 27.34 -19.05
        UNCOVER 8843   3.597210 -30.394333  7.54 0 -1.57 0.53  1.41 0.12 25.86 28.40 -18.65
        UNCOVER 9358   3.620612 -30.399949  6.34 1 -1.33 0.28  2.31 0.07 25.06 28.15 -18.63
        UNCOVER 9447   3.625125 -30.401414  3.25 0 -1.07 0.04  0.57 0.03 22.40 27.20 -18.47
        UNCOVER 9497   3.579833 -30.401568  7.04 1 -1.24 0.31  2.02 0.06 25.07 28.23 -18.72
        UNCOVER 9858   3.636965 -30.406357  8.65 0 -1.90 0.07  2.40 0.12 24.21 25.41 -21.85
        UNCOVER 9904   3.550837 -30.406602  5.05 1 -1.57 0.25  0.26 0.06 24.34 27.43 -18.98
       UNCOVER 10799   3.598794 -30.418731  3.97 0 -1.39 0.13  0.01 0.09 25.73 27.86 -18.15
       UNCOVER 11119   3.619197 -30.423267  5.84 1 -1.52 0.44  1.73 0.07 24.89 28.16 -18.49
       UNCOVER 12512   3.491766 -30.298303  9.04 0 -2.36 0.26  1.35 0.71 27.51 27.54 -19.79
       UNCOVER 15619   3.444851 -30.326362  9.13 0 -2.43 0.43  2.14 0.46 27.18 28.21 -19.13
       UNCOVER 23908   3.524729 -30.368595  5.71 0 -1.85 0.85  0.26 0.35 28.38 29.74 -16.88
       UNCOVER 25119   3.569590 -30.373221  7.04 1 -1.63 0.74  1.40 0.17 26.68 29.25 -17.69
       UNCOVER 26742   3.567011 -30.379722  5.71 0 -1.44 0.66  1.07 0.20 25.89 28.08 -18.53
       UNCOVER 29255   3.640414 -30.386432  8.50 1 -0.85 0.35  3.44 0.27 26.34 29.06 -18.18
       UNCOVER 33626   3.575986 -30.419028  3.82 0 -1.91 0.32  0.65 0.23 27.45 29.64 -16.30
       UNCOVER 34404   3.663520 -30.423629  6.01 0 -1.10 1.64  1.35 0.39 26.05 28.41 -18.28
       UNCOVER 35436   3.592416 -30.432824  6.74 1 -2.27 0.53  0.59 0.33 26.91 27.95 -18.93
